1,0.904321111111111,0.735056666666667,0.723526111111111,0.583048888888889,0.561781111111111,0.758980555555556,0.735127222222222,0.616453888888889,0.575068888888889,0.798198888888889,0.741888888888889,0.79687,0.729702777777778,0.725437777777778,0.688163888888889,0.799044444444444,0.764322222222222,0.849991111111111,0.815863333333333,0.462332388888889,0.3657804,0.641367777777778,0.620678333333333,0.554219444444444,0.546984444444444,0.595825555555555,0.614567777777778,0.704502777777778,0.662315555555556,0.514237222222222,0.471428333333333,0.749761666666667,0.684321666666667,0.588193277777778,0.505072222222222,0.584541666666667,0.533939444444444,0.584192166666667,0.617725555555556,0.477368094444444,0.491157222222222,0.727232777777778,0.701413055555556,0.695333888888889,0.682166111111111,0.678933333333333,0.729460555555556,0.715372222222222,0.665893833333333,0.713944444444444,0.662074388888889,0.645596111111111,0.627467777777778,0.729375555555556,0.741922777777778,0.911527222222222,0.855531666666667,0.754597777777778,0.72293,0.765752777777778,0.616749444444444,0.815792777777778,0.735886666666667,0.601886111111111,0.587181666666667,0.734068888888889,0.703223888888889,0.802274444444444,0.770538888888889,0.356842777777778,0.32673,0.402044222222222,0.3567805,0.284770055555556,0.286982611111111,0.284393055555556,0.243344233333333,0.745783333333333,0.725300555555556,0.830977777777778,0.824025555555556,0.711716111111111,0.730188333333333,0.766595555555556,0.751021111111111,0.629226111111111,0.643765555555556,0.743592222222222,0.753802777777778,0.418929444444444,0.488288055555556,0.269369888888889,0.433745,0.493879444444444,0.430856666666667,0.644283888888889,0.599597222222222,0.567273333333333,0.607398888888889,0.410305166666667,0.502728888888889,0.433733333333333,0.472363333333333,0.390682338888889,0.447964444444444,0.326235555555556,0.275040722222222,0.333900277777778,0.535108888888889,0.488680555555556,0.483971111111111,0.401715,0.479056888888889,0.349738055555556,0.158671111111111
0.904321111111111,1,0.696326666666667,0.736998888888889,0.571637222222222,0.549751111111111,0.709039444444444,0.733717222222222,0.578979444444444,0.558937777777778,0.723088888888889,0.752708888888889,0.717012222222222,0.713167222222222,0.664748888888889,0.673846666666667,0.811242222222222,0.825954444444444,0.827089444444444,0.853472222222222,0.459610444444444,0.367985111111111,0.617328333333333,0.612208333333333,0.528531666666667,0.545015555555556,0.57854,0.593918333333333,0.70359,0.701003888888889,0.539662777777778,0.507806666666667,0.775787222222222,0.733651666666667,0.585885277777778,0.522805,0.587843333333333,0.565382222222222,0.594245555555556,0.638775,0.472036,0.505877777777778,0.745152777777778,0.726898277777778,0.722776666666667,0.719388888888889,0.699896111111111,0.753402777777778,0.735605,0.693435722222222,0.70878,0.667035555555556,0.635335722222222,0.631448888888889,0.717318888888889,0.738795,0.912743888888889,0.927247222222222,0.745719444444444,0.729085555555556,0.709586111111111,0.590905555555556,0.794753888888889,0.767768888888889,0.556729444444444,0.550836777777778,0.747645,0.732819444444444,0.84257,0.836081666666667,0.368781666666667,0.353041666666667,0.406335772222222,0.403764111111111,0.3056924,0.338102722222222,0.329037722222222,0.312032222222222,0.762411666666667,0.766810555555556,0.825954444444444,0.838770555555556,0.67498,0.725057222222222,0.713167222222222,0.725435555555556,0.585156111111111,0.609876666666667,0.693243888888889,0.723253888888889,0.437581,0.471662222222222,0.287685055555556,0.422230555555556,0.490845555555556,0.456862222222222,0.672863333333333,0.609023888888889,0.593846111111111,0.604942222222222,0.434350555555556,0.484626111111111,0.462586111111111,0.468298333333333,0.392685611111111,0.438036111111111,0.346351388888889,0.282311555555556,0.340845055555556,0.536267777777778,0.526147222222222,0.510107222222222,0.42312,0.511886111111111,0.356228333333333,0.151767961111111
0.735056666666667,0.696326666666667,1,0.863466666666667,0.787321111111111,0.720568888888889,0.903822222222222,0.763985,0.809697222222222,0.698096111111111,0.626762222222222,0.609227444444444,0.716487555555556,0.65097,0.719406111111111,0.664831666666667,0.590357222222222,0.594938955555556,0.737369444444444,0.666944444444444,0.517589222222222,0.419107166666667,0.904726111111111,0.849873333333333,0.758462222222222,0.737177777777778,0.729962222222222,0.701077222222222,0.540223333333333,0.533262222222222,0.610132277777778,0.599481666666667,0.692215,0.624655,0.62897535,0.530711666666667,0.537168333333333,0.500675,0.558182222222222,0.586265555555556,0.382702277777778,0.428783888888889,0.687942777777778,0.693962222222222,0.612232222222222,0.623787222222222,0.695104444444444,0.679955777777778,0.659512388888889,0.70222,0.640826666666667,0.701496666666667,0.687590555555556,0.671807222222222,0.652725,0.672314333333333,0.668358333333333,0.662303888888889,0.704061038888889,0.687146111111111,0.680771666666667,0.568985166666667,0.640516666666667,0.580011666666667,0.702546611111111,0.659312222222222,0.732893333333333,0.691671111111111,0.600493333333333,0.602662222222222,0.417615555555556,0.420051444444444,0.373221722222222,0.347431666666667,0.294684333333333,0.295696277777778,0.295498838888889,0.263573888888889,0.571845555555556,0.571488055555556,0.643249722222222,0.666547833333333,0.5953095,0.629561111111111,0.726386333333333,0.708465,0.577475305555556,0.619362222222222,0.710089444444444,0.739601666666667,0.543346666666667,0.585519222222222,0.485778333333333,0.621565555555556,0.385777222222222,0.298579611111111,0.538484444444444,0.479815944444444,0.51711,0.556484444444444,0.444853333333333,0.558681111111111,0.429603944444444,0.458137777777778,0.397007555555556,0.442424833333333,0.321995,0.243823166666667,0.243093111111111,0.397220555555556,0.440448333333333,0.444765555555556,0.441406888888889,0.422304444444444,0.322303888888889,0.0504690388888889
0.723526111111111,0.736998888888889,0.863466666666667,1,0.723803888888889,0.743645,0.842917222222222,0.892963888888889,0.744761666666667,0.743131666666667,0.625270555555556,0.696273888888889,0.68706,0.733075,0.668632777777778,0.715650555555556,0.614961666666667,0.629721666666667,0.734531666666667,0.717461111111111,0.515361555555556,0.458427777777778,0.831008333333333,0.872947777777778,0.685676111111111,0.742820555555556,0.67518,0.694592777777778,0.579985,0.599917222222222,0.659531666666667,0.686303333333333,0.727107222222222,0.707532777777778,0.634326666666667,0.583400555555556,0.534051666666667,0.531735,0.548344444444444,0.589084444444444,0.3951235,0.467088777777778,0.647725555555556,0.646513888888889,0.593414444444444,0.594257777777778,0.659461666666667,0.667603333333333,0.643803333333333,0.646342777777778,0.634729888888889,0.657583888888889,0.64517,0.609461111111111,0.644826111111111,0.649907777777778,0.676995,0.678477777777778,0.662601666666667,0.683861111111111,0.661257777777778,0.670069444444444,0.650763888888889,0.665087777777778,0.643873888888889,0.710204444444444,0.712859444444444,0.72571,0.617626555555556,0.629266,0.452942777777778,0.486498888888889,0.401853333333333,0.409118055555556,0.331625388888889,0.354405388888889,0.333825833333333,0.33865,0.590975555555556,0.597723333333333,0.65058,0.679424444444444,0.577461666666667,0.638286666666667,0.69432,0.714595555555556,0.527138333333333,0.568613888888889,0.681862777777778,0.727272777777778,0.588288888888889,0.545304055555556,0.533671666666667,0.551063888888889,0.396818944444444,0.326679444444444,0.542107777777778,0.471251111111111,0.54063,0.538046111111111,0.523107222222222,0.527223777777778,0.477276055555556,0.442825,0.428240611111111,0.431056666666667,0.355736944444444,0.2631655,0.274478555555556,0.423171111111111,0.464159444444444,0.447382222222222,0.425682833333333,0.4238105,0.339419066666667,0.0905598166666667
0.583048888888889,0.571637222222222,0.787321111111111,0.723803888888889,1,0.792615,0.743911666666667,0.648637222222222,0.819361666666667,0.711658333333333,0.476790555555556,0.480377722222222,0.567963555555556,0.527561111111111,0.648245555555556,0.587152222222222,0.476583888888889,0.485860977777778,0.577368333333333,0.553582777777778,0.515914444444444,0.425364616666667,0.729651111111111,0.703407222222222,0.666939444444444,0.610452777777778,0.723078333333333,0.660628888888889,0.424319944444444,0.436543888888889,0.479758211111111,0.472224444444444,0.580056666666667,0.531736666666667,0.532923611111111,0.465095555555556,0.431837777777778,0.421634166666667,0.471289333333333,0.483159611111111,0.309262461111111,0.375402166666667,0.569326666666667,0.573251111111111,0.521603333333333,0.534673888888889,0.594972222222222,0.5838,0.592824444444444,0.633036111111111,0.572895555555556,0.63906,0.627256666666667,0.591523888888889,0.555873888888889,0.574880444444444,0.555298888888889,0.558017777777778,0.655507411111111,0.640245555555556,0.607901666666667,0.530298333333333,0.543851666666667,0.492149444444444,0.5730035,0.587502722222222,0.645282222222222,0.615415,0.514909444444444,0.538118888888889,0.289207611111111,0.3278235,0.278307833333333,0.271943905555556,0.233417227777778,0.245514222222222,0.225997405555556,0.200060722222222,0.468703,0.462036055555556,0.529565722222222,0.544687666666667,0.508352666666667,0.547811666666667,0.587046,0.583723722222222,0.519538722222222,0.534732722222222,0.627295,0.644307222222222,0.500954611111111,0.522314444444444,0.457026111111111,0.548533888888889,0.306271388888889,0.214374075555556,0.433991888888889,0.354488166666667,0.440586888888889,0.469277777777778,0.398539333333333,0.511851666666667,0.382926777777778,0.418770344444444,0.322321777777778,0.367447777777778,0.292211666666667,0.214036666666667,0.199546611111111,0.316876111111111,0.391483944444444,0.391257222222222,0.411443444444444,0.377173833333333,0.280598555555556,0.0222397222222222
0.561781111111111,0.549751111111111,0.720568888888889,0.743645,0.792615,1,0.697097777777778,0.702982444444444,0.723928888888889,0.799770555555556,0.453732777777778,0.519541111111111,0.526347777777778,0.562557777777778,0.575752222222222,0.609294444444444,0.449175,0.471295,0.557025555555556,0.561282222222222,0.500856666666667,0.474705111111111,0.682088888888889,0.706017777777778,0.593470777777778,0.634639444444444,0.648873888888889,0.689539444444444,0.411179055555556,0.446665,0.471753888888889,0.505069833333333,0.571112222222222,0.545960555555556,0.518856666666667,0.500113944444444,0.426465,0.425713888888889,0.445826666666667,0.479625,0.312847622222222,0.385335388888889,0.551903333333333,0.555917222222222,0.48794,0.511846666666667,0.572593333333333,0.564197222222222,0.571273777777778,0.62212,0.557145,0.62022,0.609272222222222,0.58524,0.533933333333333,0.543368611111111,0.530866111111111,0.523541666666667,0.609612777777778,0.639736111111111,0.547095555555556,0.573546666666667,0.507186666666667,0.501145,0.502215555555556,0.605098333333333,0.613715,0.619157222222222,0.496842777777778,0.514922777777778,0.295984833333333,0.354082666666667,0.270657333333333,0.284558555555556,0.233609705555556,0.256371888888889,0.2226325,0.224934166666667,0.429220555555556,0.431536666666667,0.490913888888889,0.504701111111111,0.482727722222222,0.523162222222222,0.535146666666667,0.550473277777778,0.496875,0.504447222222222,0.572882777777778,0.627116666666667,0.543877222222222,0.503173333333333,0.511299444444444,0.524882777777778,0.249824388888889,0.189382172222222,0.402592777777778,0.343039777777778,0.441859444444444,0.461387777777778,0.45034,0.485673333333333,0.415000777777778,0.400501055555556,0.32594115,0.355534611111111,0.273820555555556,0.229115166666667,0.179623555555556,0.301608888888889,0.383727777777778,0.397065555555556,0.418522694444444,0.380289111111111,0.2756686,0.0193644166666667
0.758980555555556,0.709039444444444,0.903822222222222,0.842917222222222,0.743911666666667,0.697097777777778,1,0.860061111111111,0.813401666666667,0.732950555555556,0.726370555555556,0.710242222222222,0.797673888888889,0.732445,0.735497777777778,0.707449444444444,0.636642222222222,0.628667777777778,0.751667777777778,0.687047777777778,0.468961111111111,0.375775166666667,0.812280555555556,0.77165,0.665777777777778,0.655613888888889,0.655453888888889,0.644927222222222,0.634507777777778,0.614708333333333,0.625552222222222,0.61146,0.728064444444444,0.678511666666667,0.602894444444444,0.533557222222222,0.522405555555556,0.490432777777778,0.533594444444444,0.548523333333333,0.406398055555556,0.449511111111111,0.657407777777778,0.654826666666667,0.572599444444444,0.590029444444444,0.638667222222222,0.643282222222222,0.614917222222222,0.640602222222222,0.611708333333333,0.653353333333333,0.635408888888889,0.619784444444444,0.630620555555556,0.647081111111111,0.673495,0.661235555555556,0.706134444444444,0.685181111111111,0.768762777777778,0.680446111111111,0.697995555555556,0.677789444444444,0.695031666666667,0.697681111111111,0.713282777777778,0.680337777777778,0.591020555555556,0.594211666666667,0.478883333333333,0.464398333333333,0.438591611111111,0.41089,0.358420722222222,0.362465055555556,0.360490388888889,0.336157988888889,0.607,0.605490555555556,0.660383888888889,0.67621,0.634671666666667,0.661556111111111,0.697021111111111,0.693165,0.543413888888889,0.555405555555556,0.708438888888889,0.730428888888889,0.548587222222222,0.5843,0.459256111111111,0.595278333333333,0.387816666666667,0.321207166666667,0.532554444444444,0.467234777777778,0.513993888888889,0.545586444444444,0.480646666666667,0.573630555555556,0.455871111111111,0.474287555555556,0.390271944444444,0.452515,0.339026833333333,0.267853888888889,0.270546888888889,0.419133888888889,0.422215,0.430391111111111,0.439679,0.412819833333333,0.334776722222222,0.114100888888889
0.735127222222222,0.733717222222222,0.763985,0.892963888888889,0.648637222222222,0.702982444444444,0.860061111111111,1,0.702525,0.760062222222222,0.694486111111111,0.808407777777778,0.734622777777778,0.825738888888889,0.654961666666667,0.749752222222222,0.642603333333333,0.655364444444444,0.732651111111111,0.719909444444444,0.450602222222222,0.409164555555556,0.711933888888889,0.747111333333333,0.568280555555556,0.624993888888889,0.578625,0.607716666666667,0.653905,0.680331666666667,0.657103333333333,0.665656666666667,0.738333888888889,0.738856111111111,0.582856111111111,0.555809444444444,0.510022222222222,0.504421666666667,0.501493888888889,0.526483888888889,0.406808111111111,0.476647222222222,0.604530555555556,0.585122777777778,0.561338888888889,0.556385555555556,0.589906666666667,0.620817222222222,0.598938333333333,0.572723333333333,0.62502,0.594358333333333,0.585825,0.537340555555556,0.625467777777778,0.609002222222222,0.666139444444444,0.654068888888889,0.660189444444444,0.672731666666667,0.722324444444444,0.7665,0.694365,0.758742777777778,0.600448888888889,0.708726111111111,0.673707777777778,0.702711666666667,0.601847777777778,0.612354444444444,0.483338888888889,0.501094444444444,0.456116111111111,0.468042444444444,0.3664935,0.398120277777778,0.360736388888889,0.378011888888889,0.608784444444444,0.619731111111111,0.657233888888889,0.677221111111111,0.594295,0.655015555555556,0.652348333333333,0.677462777777778,0.495771111111111,0.500890555555556,0.668893888888889,0.699123333333333,0.573730555555556,0.524802111111111,0.473664444444444,0.504452777777778,0.389844444444444,0.331650888888889,0.534555,0.464773444444444,0.555277777777778,0.535273888888889,0.551392222222222,0.531690555555556,0.506072722222222,0.469952944444444,0.410935888888889,0.422833611111111,0.3676075,0.297786055555556,0.292020888888889,0.440116111111111,0.457735555555556,0.452683611111111,0.429826833333333,0.423185,0.350869277777778,0.152092838888889
0.616453888888889,0.578979444444444,0.809697222222222,0.744761666666667,0.819361666666667,0.723928888888889,0.813401666666667,0.702525,1,0.758976111111111,0.550144444444444,0.556478833333333,0.671638666666667,0.598158333333333,0.717960555555556,0.650945555555556,0.504184444444444,0.505188833333333,0.604708333333333,0.560846111111111,0.450561444444444,0.355735166666667,0.745063333333333,0.710843333333333,0.661406666666667,0.621007777777778,0.646781666666667,0.616952222222222,0.4970945,0.492458333333333,0.515037333333333,0.519705555555556,0.589111111111111,0.545717777777778,0.507871388888889,0.454908333333333,0.420353888888889,0.411417777777778,0.447725777777778,0.460821666666667,0.311684055555556,0.366872888888889,0.586666666666667,0.587055,0.509446111111111,0.529245,0.608634444444444,0.591774444444444,0.595509666666667,0.623954444444444,0.581765555555556,0.634001666666667,0.635000555555556,0.600080555555556,0.571580555555556,0.581220722222222,0.558581666666667,0.559075555555556,0.649839388888889,0.633538333333333,0.656860555555556,0.589253888888889,0.576742777777778,0.537176666666667,0.608562722222222,0.615561666666667,0.607525555555556,0.572415555555556,0.498701111111111,0.513931111111111,0.371733618888889,0.385686666666667,0.338323555555556,0.318475166666667,0.264988944444444,0.289736111111111,0.2708648,0.240822222222222,0.502446666666667,0.490206833333333,0.558977888888889,0.569888444444444,0.548792444444444,0.58387,0.639543555555556,0.621942388888889,0.500707888888889,0.527487222222222,0.676920555555556,0.681223333333333,0.522692777777778,0.553157444444444,0.470470555555556,0.591926111111111,0.346448166666667,0.2596925,0.479338333333333,0.410500555555556,0.47202,0.496118333333333,0.44738,0.555811666666667,0.412104444444444,0.440798333333333,0.351677,0.400591666666667,0.306481666666667,0.237995722222222,0.235675777777778,0.358943333333333,0.405604444444444,0.400961666666667,0.422854666666667,0.397883444444444,0.291202722222222,0.0904645777777778
0.575068888888889,0.558937777777778,0.698096111111111,0.743131666666667,0.711658333333333,0.799770555555556,0.732950555555556,0.760062222222222,0.758976111111111,1,0.517497777777778,0.608240722222222,0.624061666666667,0.657845333333333,0.628470555555556,0.698407777777778,0.465757222222222,0.472109833333333,0.547434444444444,0.527013888888889,0.433306666666667,0.376503277777778,0.659002222222222,0.693736666666667,0.556042777777778,0.589054444444444,0.584982222222222,0.611744444444444,0.467629722222222,0.485846666666667,0.470082777777778,0.508232222222222,0.544631333333333,0.525254444444444,0.463868,0.454965,0.410231666666667,0.4184925,0.433473166666667,0.458066111111111,0.307576388888889,0.369992777777778,0.540002222222222,0.541576111111111,0.459117222222222,0.492348333333333,0.560358333333333,0.544251666666667,0.550583333333333,0.587250555555556,0.532451111111111,0.585266666666667,0.585403333333333,0.558988333333333,0.519148166666667,0.53602,0.523707777777778,0.518602222222222,0.599934944444444,0.624385,0.597605555555556,0.659035722222222,0.525797055555556,0.540705,0.506593722222222,0.626278888888889,0.542542166666667,0.549688944444444,0.449661111111111,0.469377777777778,0.335903222222222,0.376072777777778,0.28731,0.303147222222222,0.245483111111111,0.276368,0.215298172222222,0.216181561111111,0.458139722222222,0.449123444444444,0.5207775,0.525043388888889,0.529746666666667,0.558232222222222,0.56332,0.572478333333333,0.469263333333333,0.496578888888889,0.591521444444444,0.642553888888889,0.535643888888889,0.488421,0.499845555555556,0.521117222222222,0.291574444444444,0.208133555555556,0.404704444444444,0.349720555555556,0.422098888888889,0.440221111111111,0.477219444444444,0.485625555555556,0.424863333333333,0.40273,0.3230665,0.343412,0.282497944444444,0.231427116666667,0.186985277777778,0.315463888888889,0.359490222222222,0.360754388888889,0.411709333333333,0.378266666666667,0.266038555555556,0.0531619283333333
0.798198888888889,0.723088888888889,0.626762222222222,0.625270555555556,0.476790555555556,0.453732777777778,0.726370555555556,0.694486111111111,0.550144444444444,0.517497777777778,1,0.80534,0.870231111111111,0.783685,0.736897222222222,0.708453888888889,0.761722777777778,0.718164444444444,0.709117222222222,0.656725555555556,0.364713833333333,0.267084077777778,0.5836655,0.54929,0.473267777777778,0.452074444444444,0.510102777777778,0.527937777777778,0.759792222222222,0.717890555555556,0.483456111111111,0.472212777777778,0.592961111111111,0.569255,0.414903166666667,0.340950277777778,0.45476,0.411837111111111,0.47129,0.488766666666667,0.431162111111111,0.421200444444444,0.539381666666667,0.526023722222222,0.479189111111111,0.471127333333333,0.523973333333333,0.548998888888889,0.503221666666667,0.464189405555556,0.52342,0.483402944444444,0.518845833333333,0.489793722222222,0.591643333333333,0.588602777777778,0.694049444444444,0.647408333333333,0.569864444444444,0.527817222222222,0.683238888888889,0.548855555555556,0.737465,0.679554444444444,0.50481,0.476805555555556,0.510727944444444,0.487168166666667,0.571906111111111,0.544169444444444,0.362890444444444,0.327319555555556,0.406420283333333,0.366002166666667,0.276612177777778,0.261445833333333,0.234440611111111,0.214117392777778,0.680843888888889,0.681531111111111,0.746831666666667,0.739772222222222,0.710211111111111,0.717785555555556,0.680709444444444,0.652671666666667,0.578268333333333,0.575938888888889,0.635617777777778,0.628080555555556,0.298775666666667,0.357308427777778,0.166088388888889,0.309351666666667,0.448183888888889,0.400047777777778,0.499972777777778,0.463258055555556,0.415431166666667,0.443505444444444,0.293745833333333,0.366149811111111,0.314016777777778,0.343019022777778,0.292875555555556,0.347272666666667,0.218395888888889,0.149598444444444,0.326493888888889,0.459144444444444,0.333606833333333,0.3348265,0.284842055555556,0.324914555555556,0.244358122222222,0.2145341
0.741888888888889,0.752708888888889,0.609227444444444,0.696273888888889,0.480377722222222,0.519541111111111,0.710242222222222,0.808407777777778,0.556478833333333,0.608240722222222,0.80534,1,0.790881666666667,0.885578888888889,0.679292777777778,0.793677777777778,0.732184444444444,0.753438333333333,0.681628888888889,0.693115555555556,0.382017333333333,0.312878333333333,0.577816777777778,0.594821111111111,0.443638833333333,0.489401111111111,0.48393,0.512382222222222,0.758238333333333,0.788676666666667,0.551968888888889,0.559001666666667,0.623928333333333,0.639055,0.419072122222222,0.395196722222222,0.480498888888889,0.465453333333333,0.473453111111111,0.491810555555556,0.434650422222222,0.45699,0.52748,0.513508944444445,0.461906111111111,0.459756111111111,0.522314444444444,0.540942222222222,0.50553,0.464518388888889,0.538320555555556,0.493857666666667,0.531205555555556,0.479592166666667,0.591264444444444,0.567368888888889,0.662932777777778,0.642806666666667,0.556964444444444,0.54569,0.647650555555556,0.619431111111111,0.730199444444444,0.772712222222222,0.451032777777778,0.515353888888889,0.504511666666667,0.524656666666667,0.572240555555556,0.563543333333333,0.400710555555556,0.396814444444444,0.412743722222222,0.427279444444444,0.285098733333333,0.3265135,0.2710507,0.290644533333333,0.684328888888889,0.689768888888889,0.727788888888889,0.746918333333333,0.662833888888889,0.725588888888889,0.631008333333333,0.657448888888889,0.520567777777778,0.526544444444444,0.614138333333333,0.633960555555556,0.383735611111111,0.348686277777778,0.265881772222222,0.3202185,0.404206666666667,0.373411444444444,0.500552777777778,0.459782222222222,0.451833888888889,0.430009722222222,0.398315555555556,0.393201722222222,0.378907777777778,0.370721111111111,0.332937888888889,0.359201722222222,0.239838944444444,0.191530833333333,0.299210777777778,0.460886111111111,0.381999555555556,0.364782833333333,0.335919777777778,0.371682833333333,0.283719616666667,0.215425833333333
0.79687,0.717012222222222,0.716487555555556,0.68706,0.567963555555556,0.526347777777778,0.797673888888889,0.734622777777778,0.671638666666667,0.624061666666667,0.870231111111111,0.790881666666667,1,0.843095,0.847893888888889,0.792571111111111,0.703348333333333,0.668855555555556,0.700505,0.631151666666667,0.430061666666667,0.319747,0.687958388888889,0.644441666666667,0.574577777777778,0.547268888888889,0.594877777777778,0.603167777777778,0.726075555555556,0.683631666666667,0.523621111111111,0.492171111111111,0.599191111111111,0.549395555555556,0.484206611111111,0.383681883333333,0.494185,0.462745666666667,0.505153388888889,0.543986111111111,0.442480466666667,0.435900388888889,0.603003888888889,0.586586111111111,0.556155555555556,0.543498333333333,0.588397055555556,0.613793888888889,0.580992777777778,0.553142222222222,0.584799444444444,0.56078,0.571201666666667,0.5597945,0.646443333333333,0.649073333333333,0.695751666666667,0.662852777777778,0.629707777777778,0.586453888888889,0.724459444444444,0.591837777777778,0.729162777777778,0.650354444444444,0.604638888888889,0.557802222222222,0.571761666666667,0.535517333333333,0.576733888888889,0.556704444444444,0.387212777777778,0.352921388888889,0.385351555555556,0.343690733333333,0.279553277777778,0.258963166666667,0.211611666666667,0.182327055555556,0.667074444444444,0.654038333333333,0.759571111111111,0.756665555555556,0.747727777777778,0.742875555555556,0.774412777777778,0.728008888888889,0.624195,0.635385555555556,0.713991666666667,0.695614444444444,0.355987333333333,0.42513,0.242014111111111,0.409075944444444,0.449577777777778,0.391337777777778,0.537123555555556,0.499826666666667,0.456993444444444,0.48409205,0.350997111111111,0.437729,0.352155433333333,0.374156,0.348888166666667,0.411980877777778,0.244895233333333,0.185592722222222,0.290020666666667,0.463016944444444,0.362693333333333,0.361073772222222,0.325685333333333,0.355892388888889,0.277052722222222,0.204475227777778
0.729702777777778,0.713167222222222,0.65097,0.733075,0.527561111111111,0.562557777777778,0.732445,0.825738888888889,0.598158333333333,0.657845333333333,0.783685,0.885578888888889,0.843095,1,0.723555,0.839702222222222,0.679977777777778,0.685325555555556,0.654157222222222,0.64136,0.448826666666667,0.370965888888889,0.645430388888889,0.656373333333333,0.526144444444444,0.552701666666667,0.548338888888889,0.576342222222222,0.720252222222222,0.747732777777778,0.577241666666667,0.575531111111111,0.606108333333333,0.595308888888889,0.460888666666667,0.404176666666667,0.495864444444444,0.491469444444444,0.484498633333333,0.527553888888889,0.437243222222222,0.473493888888889,0.546515555555556,0.520518166666667,0.502048333333333,0.48649,0.535251666666667,0.557842777777778,0.542142777777778,0.495808111111111,0.580402222222222,0.518937688888889,0.559598166666667,0.499924611111111,0.633717777777778,0.601193333333333,0.647631111111111,0.622073333333333,0.584785,0.560350555555556,0.656552222222222,0.620174444444444,0.692438888888889,0.702265,0.522363333333333,0.564669444444444,0.547510555555556,0.559135555555555,0.556793333333333,0.544637222222222,0.395156166666667,0.396611666666667,0.385959166666667,0.396467333333333,0.280638777777778,0.301804388888889,0.238076627777778,0.248349777777778,0.652329444444444,0.660826111111111,0.716806666666667,0.739455555555556,0.676928888888889,0.726108888888889,0.691015,0.703813888888889,0.558225,0.594083333333333,0.661301111111111,0.659693888888889,0.403436444444444,0.380466388888889,0.307440444444444,0.3595309,0.412092222222222,0.390339444444444,0.494483333333333,0.460537055555556,0.4585825,0.449315777777778,0.427074,0.426269277777778,0.399258555555556,0.386413222222222,0.366864666666667,0.391179722222222,0.264897666666667,0.197836438888889,0.286402055555556,0.450645,0.359458055555556,0.349864055555556,0.3293125,0.367428466666667,0.295539666666667,0.205813111111111
0.725437777777778,0.664748888888889,0.719406111111111,0.668632777777778,0.648245555555556,0.575752222222222,0.735497777777778,0.654961666666667,0.717960555555556,0.628470555555556,0.736897222222222,0.679292777777778,0.847893888888889,0.723555,1,0.827286111111111,0.669592777777778,0.636771666666667,0.664245,0.603318333333333,0.518573333333333,0.406218333333333,0.729723333333333,0.686880555555556,0.671748888888889,0.626087222222222,0.683315,0.684265555555556,0.712846111111111,0.655130555555556,0.557696111111111,0.517731111111111,0.606786111111111,0.553498888888889,0.512250888888889,0.4038685,0.519457777777778,0.481423333333333,0.580398944444445,0.594384444444444,0.490122222222222,0.487462888888889,0.600341111111111,0.59194,0.556441111111111,0.548881666666667,0.609611666666667,0.623279444444444,0.59255,0.573527777777778,0.583987222222222,0.575958888888889,0.587728888888889,0.571652777777778,0.654625555555556,0.661007777777778,0.656917777777778,0.638108333333333,0.610816666666667,0.578327222222222,0.660093333333333,0.53882,0.701291666666667,0.597245555555556,0.619962222222222,0.552569444444444,0.589675555555556,0.544994444444444,0.544096111111111,0.545892777777778,0.389639944444444,0.362131666666667,0.408874333333333,0.364048666666667,0.294509388888889,0.2809775,0.222896,0.178477888888889,0.6582,0.639358888888889,0.740705,0.7359,0.822756666666667,0.765677222222222,0.765150555555556,0.727679444444444,0.686633888888889,0.671986666666667,0.714025,0.710458333333333,0.362034583333333,0.438112777777778,0.270682777777778,0.434439555555556,0.471511666666667,0.411693888888889,0.563362777777778,0.513096111111111,0.447567222222222,0.489642222222222,0.33464077,0.44993,0.348942944444444,0.377771833333333,0.390843444444444,0.447408094444444,0.262216777777778,0.203175277777778,0.318676388888889,0.484256666666667,0.3789234,0.361097666666667,0.320143109444444,0.379986,0.307120111111111,0.204952694444444
0.688163888888889,0.673846666666667,0.664831666666667,0.715650555555556,0.587152222222222,0.609294444444444,0.707449444444444,0.749752222222222,0.650945555555556,0.698407777777778,0.708453888888889,0.793677777777778,0.792571111111111,0.839702222222222,0.827286111111111,1,0.669077777777778,0.66247,0.658101666666667,0.645742222222222,0.508896444444444,0.450774611111111,0.690780555555556,0.713625,0.586715555555556,0.617595555555556,0.603392222222222,0.631341111111111,0.741898333333333,0.76165,0.608582222222222,0.613147777777778,0.608546111111111,0.597911666666667,0.453006111111111,0.400211338888889,0.495688333333333,0.494634444444444,0.539856666666667,0.587251111111111,0.465374055555556,0.512112944444444,0.555943888888889,0.542871666666667,0.490680555555556,0.492569444444444,0.557091666666667,0.566661666666667,0.541278333333333,0.505261111111111,0.531657777777778,0.508189444444444,0.538336111111111,0.508614444444444,0.613100555555556,0.597160555555556,0.625131111111111,0.599391666666667,0.548442777777778,0.528678333333333,0.597706666666667,0.567110555555556,0.682830555555556,0.657411111111111,0.510161666666667,0.526372055555556,0.528726666666667,0.524777222222222,0.541208888888889,0.538736833333333,0.395426722222222,0.392743333333333,0.381310722222222,0.3899125,0.282606722222222,0.305818611111111,0.221150777777778,0.218734366666667,0.648255555555556,0.656234444444444,0.720926666666667,0.731885555555556,0.778773333333333,0.813065,0.68563,0.6977,0.628,0.648852777777778,0.639202777777778,0.660372222222222,0.401695666666667,0.3729795,0.332380555555556,0.393365833333333,0.443707777777778,0.406887222222222,0.504966111111111,0.473637666666667,0.422701444444444,0.428301888888889,0.394920277777778,0.420298888888889,0.367826611111111,0.359428388888889,0.374349166666667,0.414936944444444,0.22343085,0.192501944444444,0.313756277777778,0.481361111111111,0.351200388888889,0.332857833333333,0.329427333333333,0.373395133333333,0.285818495555556,0.218423277777778
0.799044444444444,0.811242222222222,0.590357222222222,0.614961666666667,0.476583888888889,0.449175,0.636642222222222,0.642603333333333,0.504184444444444,0.465757222222222,0.761722777777778,0.732184444444444,0.703348333333333,0.679977777777778,0.669592777777778,0.669077777777778,1,0.920236111111111,0.734201111111111,0.760838333333333,0.461564444444444,0.370058833333333,0.554055944444444,0.543343333333333,0.475342222222222,0.493157222222222,0.490157777777778,0.509618333333333,0.867798333333333,0.83312,0.581339444444444,0.566458888888889,0.745219444444444,0.725747222222222,0.523077777777778,0.470937777777778,0.570675555555556,0.542433888888889,0.567268611111111,0.593386666666667,0.506744944444444,0.521211111111111,0.662756111111111,0.6496355,0.59858,0.604783333333333,0.637268888888889,0.674936111111111,0.596091111111111,0.543596505555555,0.563733333333333,0.513709444444444,0.536730944444444,0.5197925,0.651918888888889,0.657190555555556,0.846447777777778,0.784434444444444,0.580376666666667,0.547981666666667,0.60522,0.476292777777778,0.807864444444444,0.740462777777778,0.446337222222222,0.425221333333333,0.604978888888889,0.592227777777778,0.724655,0.708048888888889,0.409665555555556,0.389479444444444,0.497021111111111,0.473009055555556,0.3909,0.394734444444444,0.395280611111111,0.360693944444444,0.920147222222222,0.887857777777778,0.892255,0.850783888888889,0.73787,0.784181666666667,0.638971666666667,0.63303,0.574823888888889,0.563261111111111,0.601417222222222,0.607137777777778,0.376134888888889,0.391832777777778,0.226045444444444,0.341326666666667,0.517355555555556,0.456500555555556,0.644281111111111,0.588716111111111,0.550593333333333,0.553517222222222,0.377828944444444,0.431048888888889,0.420827833333333,0.446645777777778,0.424702777777778,0.460206666666667,0.319232333333333,0.254037055555556,0.404005555555556,0.571806666666667,0.497768888888889,0.469974444444444,0.367060222222222,0.469287222222222,0.372014444444444,0.263173388888889
0.764322222222222,0.825954444444444,0.594938955555556,0.629721666666667,0.485860977777778,0.471295,0.628667777777778,0.655364444444444,0.505188833333333,0.472109833333333,0.718164444444444,0.753438333333333,0.668855555555556,0.685325555555556,0.636771666666667,0.66247,0.920236111111111,1,0.734047777777778,0.775127777777778,0.478476111111111,0.395046111111111,0.560145055555556,0.550679833333333,0.466171722222222,0.492694222222222,0.490470444444444,0.50279,0.82507,0.854005555555556,0.587872222222222,0.577567222222222,0.744188888888889,0.736057222222222,0.510410777777778,0.470307222222222,0.556982777777778,0.557131666666667,0.561521111111111,0.594602777777778,0.502821333333333,0.529698888888889,0.648834444444444,0.643606277777778,0.587638888888889,0.593820555555556,0.645677,0.676856666666667,0.592938333333333,0.552061722222222,0.557516666666667,0.525509444444444,0.544793333333333,0.526012555555556,0.639690555555556,0.648455,0.821171111111111,0.800626111111111,0.566639444444444,0.551019444444445,0.570933888888889,0.464599444444444,0.791795,0.77086,0.435766666666667,0.410944872222222,0.595582222222222,0.595083333333333,0.721437222222222,0.709559444444444,0.407288888888889,0.399832222222222,0.482428833333333,0.492381072222222,0.389507222222222,0.416676111111111,0.396375555555556,0.379298833333333,0.864462777777778,0.901403888888889,0.846363888888889,0.852826666666667,0.692532777777778,0.772496111111111,0.622700555555556,0.622112222222222,0.543875555555556,0.554408888888889,0.585172222222222,0.602348888888889,0.391741222222222,0.397187833333333,0.245117833333333,0.354623611111111,0.483365,0.428414444444444,0.628095555555556,0.560257777777778,0.551127222222222,0.548451111111111,0.391792,0.430895555555556,0.431122777777778,0.435884111111111,0.404984111111111,0.431756666666667,0.314870277777778,0.235956111111111,0.3618845,0.535837777777778,0.495526666666667,0.466156666666667,0.373469722222222,0.458700555555556,0.349538888888889,0.237903444444444
0.849991111111111,0.827089444444444,0.737369444444444,0.734531666666667,0.577368333333333,0.557025555555556,0.751667777777778,0.732651111111111,0.604708333333333,0.547434444444444,0.709117222222222,0.681628888888889,0.700505,0.654157222222222,0.664245,0.658101666666667,0.734201111111111,0.734047777777778,1,0.920849444444444,0.456699277777778,0.390091777777778,0.671815555555556,0.632985,0.523197333333333,0.516201666666667,0.552325,0.559846841111111,0.683387222222222,0.666677777777778,0.606104444444444,0.56417,0.808432777777778,0.775013888888889,0.591000611111111,0.530623444444444,0.571168333333333,0.539288333333333,0.553958333333333,0.579872222222222,0.460857056666667,0.505072222222222,0.646838888888889,0.614228,0.630198333333333,0.626349444444444,0.593949444444444,0.648851111111111,0.619195,0.585239777777778,0.590004444444444,0.556935111111111,0.522043333333333,0.513844222222222,0.619968888888889,0.626847222222222,0.799165,0.754420555555556,0.656919444444445,0.635301666666667,0.669385,0.579593888888889,0.749397222222222,0.711726666666667,0.571258888888889,0.534653888888889,0.710611111111111,0.688054444444444,0.798295555555556,0.764362222222222,0.436557222222222,0.403097055555556,0.48802,0.456670111111111,0.388722666666667,0.402062555555556,0.394568055555556,0.373680238888889,0.674494444444444,0.678897222222222,0.731208333333333,0.727596666666667,0.629915,0.671071111111111,0.653167777777778,0.633108888888889,0.532378888888889,0.538584033333333,0.658781666666667,0.652780555555556,0.499455,0.562323888888889,0.358191277777778,0.498550555555556,0.443325555555556,0.383333655555556,0.617832222222222,0.565775611111111,0.591628888888889,0.606946666666667,0.474595555555556,0.534407222222222,0.492496888888889,0.505429555555556,0.409556888888889,0.446699666666667,0.379077222222222,0.328842222222222,0.326715,0.519559444444444,0.544887777777778,0.538118333333333,0.449301888888889,0.487523611111111,0.384806222222222,0.136418894444444
0.815863333333333,0.853472222222222,0.666944444444444,0.717461111111111,0.553582777777778,0.561282222222222,0.687047777777778,0.719909444444444,0.560846111111111,0.527013888888889,0.656725555555556,0.693115555555556,0.631151666666667,0.64136,0.603318333333333,0.645742222222222,0.760838333333333,0.775127777777778,0.920849444444444,1,0.474407222222222,0.424661444444444,0.611473333333333,0.601325,0.470544444444444,0.503087222222222,0.515702055555556,0.5236625,0.703900555555556,0.714693888888889,0.614212222222222,0.589828888888889,0.83917,0.838698888888889,0.597314277777778,0.577286666666667,0.584992222222222,0.567144444444444,0.565621666666667,0.593620555555556,0.482623388888889,0.538107777777778,0.635301666666667,0.602702,0.621608333333333,0.615619444444444,0.584651666666667,0.64973,0.620581111111111,0.571023388888889,0.582830555555556,0.540724427222222,0.511469444444444,0.499146111111111,0.606973333333333,0.609480555555556,0.805322222222222,0.778278333333333,0.651522222222222,0.634032222222222,0.632698888888889,0.556117777777778,0.747328333333333,0.747749444444444,0.500785555555556,0.494428833333333,0.714028888888889,0.706280555555556,0.845892222222222,0.837228888888889,0.435802222222222,0.431683888888889,0.499125555555556,0.501221722222222,0.407190277777778,0.461423333333333,0.447358555555556,0.448365,0.702513333333333,0.705963888888889,0.726738333333333,0.724229444444444,0.617567777777778,0.684167777777778,0.594726666666667,0.592898888888889,0.496421111111111,0.493839727777778,0.627054444444444,0.616601666666667,0.537266666666667,0.554392222222222,0.405557777777778,0.503148888888889,0.450747222222222,0.41282,0.63733,0.578318888888889,0.618035,0.613398888888889,0.519746666666667,0.547675555555556,0.536668333333333,0.527186111111111,0.440095555555556,0.449413888888889,0.4187765,0.356721277777778,0.360091055555556,0.53632,0.593241666666667,0.573696666666667,0.474751111111111,0.521752,0.40842,0.157878633333333
